q1: 5.28140357655334
q2: 56.3 MB
q3: jupyter nbconvert starter.ipynb --to script
q4: "sha256:065e9673e24e0dc5113e2dd2b4ca30c9d8aa2fa90f4c0597241c93b63130d233"
q5: 12.758556818790902
q6: 12.827242870079969
